[
  [-56.4, -64.1],
  [-56.4, -62.4],
  [-56.4, -62.9],
  [-56.4, -62.1],
  [-56.4, -61.6],
  [-56.6, -62.4],
  [-56.6, -62.6],
  [-56.4, -61.6],
  [-56.6, -62.9],
  [-56.6, -62.1],
  [-56.6, -61.9],
  [-56.6, -62.6],
  [-56.6, -63.1],
  [-56.6, -62.6],
  [-56.6, -62.9],
  [-56.6, -62.1],
  [-56.9, -63.1],
  [-56.6, -61.9],
  [-56.6, -62.4],
  [-56.6, -61.6],
  [-56.6, -62.4],
  [-56.6, -63.1],
  [-56.4, -61.6],
  [-56.6, -62.9],
  [-56.6, -62.6],
  [-56.6, -61.9],
  [-56.9, -62.9],
  [-56.9, -61.9],
  [-57.1, -63.4],
  [-57.1, -63.6],
  [-56.9, -61.6],
  [-57.1, -63.6],
  [-57.1, -62.6],
  [-57.1, -62.1],
  [-57.1, -62.6],
  [-57.1, -61.9],
  [-57.4, -64.6],
  [-57.4, -64.4],
  [-57.4, -63.4],
  [-57.4, -63.1],
  [-57.4, -64.4],
  [-57.1, -61.9],
  [-57.4, -64.6],
  [-57.4, -63.4],
  [-57.4, -62.4],
  [-57.4, -63.1],
  [-57.4, -62.4],
  [-57.4, -62.6],
  [-57.4, -62.9],
  [-57.4, -63.6],
  [-57.4, -62.6],
  [-57.4, -61.6],
  [-57.6, -64.1],
  [-57.6, -64.4],
  [-57.6, -63.1],
  [-57.6, -62.4],
  [-57.6, -61.9],
  [-57.9, -63.4],
  [-57.9, -62.6],
  [-57.9, -62.9],
  [-57.9, -62.4],
  [-57.9, -62.6],
  [-57.9, -63.4],
  [-57.9, -63.1],
  [-57.9, -63.4],
  [-57.9, -63.1],
  [-57.9, -63.4],
  [-57.6, -61.9],
  [-57.6, -61.6],
  [-57.9, -63.1],
  [-57.9, -63.4],
  [-57.6, -61.6],
  [-57.9, -64.1],
  [-57.9, -63.1],
  [-57.9, -63.4],
  [-57.9, -62.4],
  [-57.9, -62.6],
  [-57.9, -61.6],
  [-57.9, -61.9],
  [-58.1, -63.6],
  [-57.9, -61.9],
  [-57.9, -62.6],
  [-57.9, -62.4],
  [-57.9, -62.6],
  [-57.9, -61.9],
  [-58.1, -63.4],
  [-58.1, -63.6],
  [-57.9, -61.9],
  [-57.9, -62.1],
  [-57.9, -62.4],
  [-57.9, -62.6],
  [-57.9, -62.9],
  [-57.9, -62.1],
  [-58.1, -63.9],
  [-58.1, -63.1],
  [-58.1, -63.4],
  [-58.1, -63.6],
  [-58.1, -63.9],
  [-58.1, -63.4],
  [-58.1, -63.6],
  [-58.1, -62.9],
  [-58.1, -63.6],
  [-58.1, -62.6],
  [-58.1, -62.9],
  [-58.1, -63.1],
  [-58.1, -62.4],
  [-58.1, -61.9],
  [-58.1, -62.1],
  [-58.1, -61.9],
  [-58.1, -62.1],
  [-58.4, -64.4],
  [-58.4, -63.6],
  [-58.4, -64.4],
  [-58.4, -63.4],
  [-58.4, -63.6],
  [-58.4, -62.9],
  [-58.4, -62.6],
  [-58.4, -62.9],
  [-58.4, -63.1],
  [-58.4, -62.4],
  [-58.4, -61.9],
  [-58.4, -62.1],
  [-58.6, -64.1],
  [-58.6, -64.4],
  [-58.6, -63.6],
  [-58.6, -62.6],
  [-58.6, -62.9],
  [-58.6, -62.6],
  [-58.6, -62.9],
  [-58.6, -62.1],
  [-58.6, -61.9],
  [-58.6, -62.1],
  [-58.9, -64.6],
  [-58.6, -61.6],
  [-58.9, -64.4],
  [-58.9, -64.6],
  [-58.9, -63.6],
  [-58.9, -63.9],
  [-58.9, -63.6],
  [-58.9, -63.9],
  [-58.9, -63.1],
  [-58.9, -62.9],
  [-58.9, -63.1],
  [-58.9, -62.4],
  [-59.1, -64.6],
  [-58.9, -61.6],
  [-58.9, -61.9],
  [-59.1, -64.4],
  [-59.1, -64.6],
  [-58.9, -61.6],
  [-59.1, -64.1],
  [-59.1, -63.9],
  [-59.1, -64.1],
  [-59.1, -63.4],
  [-59.1, -64.1],
  [-59.1, -63.1],
  [-59.1, -63.4],
  [-59.1, -63.1],
  [-59.1, -63.4],
  [-59.1, -62.4],
  [-59.1, -62.6],
  [-59.1, -63.4],
  [-59.1, -62.4],
  [-59.1, -62.6],
  [-59.1, -61.9],
  [-59.1, -61.6],
  [-59.1, -61.9],
  [-59.4, -64.4],
  [-59.4, -64.6],
  [-59.4, -63.1],
  [-59.4, -63.4],
  [-59.4, -63.6],
  [-59.4, -62.9],
  [-59.4, -63.1],
  [-59.4, -63.4],
  [-59.4, -62.6],
  [-59.4, -61.6],
  [-59.4, -61.9],
  [-59.4, -61.6],
  [-59.4, -61.9],
  [-59.4, -61.6],
  [-59.4, -61.9],
  [-59.6, -64.6],
  [-59.6, -63.4],
  [-59.6, -64.6],
  [-59.6, -63.1],
  [-59.6, -63.4],
  [-59.6, -63.1],
  [-59.6, -63.4],
  [-59.6, -62.4],
  [-59.6, -62.6],
  [-59.6, -62.4],
  [-59.6, -62.6],
  [-59.6, -62.9],
  [-59.6, -62.1],
  [-59.6, -62.9],
  [-59.6, -62.4],
  [-59.6, -62.6],
  [-59.6, -61.6],
  [-59.6, -61.9],
  [-59.9, -64.9],
  [-59.9, -65.1],
  [-59.9, -64.9],
  [-59.9, -65.1],
  [-59.9, -65.4],
  [-59.9, -64.6],
  [-59.9, -64.1],
  [-59.9, -64.4],
  [-59.9, -63.4],
  [-59.9, -63.6],
  [-59.9, -63.9],
  [-59.9, -63.1],
  [-59.9, -63.4],
  [-59.9, -63.6],
  [-59.9, -62.6],
  [-59.9, -62.9],
  [-59.9, -61.9],
  [-59.9, -62.1],
  [-59.9, -61.9],
  [-59.9, -62.1],
  [-59.9, -62.4],
  [-59.9, -61.9],
  [-59.9, -62.1],
  [-59.9, -62.9],
  [-59.9, -63.1],
  [-59.9, -63.4],
  [-59.9, -63.6],
  [-59.9, -63.4],
  [-59.9, -63.6],
  [-59.9, -63.4],
  [-59.9, -63.6],
  [-59.9, -62.9],
  [-59.9, -62.1],
  [-59.9, -62.9],
  [-59.9, -62.6],
  [-59.9, -62.9],
  [-59.9, -62.1],
  [-60.1, -65.4],
  [-59.9, -62.1],
  [-59.9, -62.9],
  [-59.9, -62.6],
  [-59.9, -62.9],
  [-59.9, -63.1],
  [-59.9, -62.6],
  [-59.9, -62.9],
  [-59.9, -62.1],
  [-60.1, -65.4],
  [-60.1, -65.1],
  [-60.1, -65.4],
  [-60.1, -64.4],
  [-60.1, -64.6],
  [-60.1, -65.4],
  [-59.9, -61.6],
  [-60.1, -64.9],
  [-60.1, -65.1],
  [-60.1, -65.4],
  [-60.1, -64.4],
  [-60.1, -64.6],
  [-60.1, -63.9],
  [-60.1, -64.1],
  [-60.1, -64.4],
  [-60.1, -64.6],
  [-60.1, -64.9],
  [-60.1, -64.1],
  [-60.1, -63.6],
  [-60.1, -63.9],
  [-60.1, -64.6],
  [-60.1, -64.4],
  [-60.1, -64.6],
  [-60.1, -63.9],
  [-60.1, -64.1],
  [-60.1, -63.4],
  [-60.1, -62.6],
  [-60.1, -62.9],
  [-60.1, -63.1],
  [-60.1, -63.4],
  [-60.1, -62.9],
  [-60.1, -63.1],
  [-60.1, -62.1],
  [-60.1, -62.4],
  [-60.1, -62.6],
  [-60.1, -61.9],
]